Model  Balanced Accuracy  Accuracy  Precision    Recall  \
0        Random Forest           0.502683  0.764206   0.489898  0.502683   
1  Logistic Regression           0.531458  0.635152   0.493859  0.531458   
2             AdaBoost           0.504942  0.717780   0.467565  0.504942   
3        Decision Tree           0.446370  0.659315   0.424372  0.446370   
4                  KNN           0.465390  0.542127   0.439609  0.465390   
5             Bayesian           0.489454  0.597762   0.467727  0.489454   
6              XGBoost           0.511330  0.781925   0.504733  0.511330   

   F1 Score  
0  0.475808  
1  0.465815  
2  0.473804  
3  0.427126  
4  0.400044  
5  0.434931  
6  0.488070