Model  Balanced Accuracy  Accuracy  Precision    Recall  \
0        Random Forest           0.463593  0.793308   0.529370  0.463593   
1  Logistic Regression           0.530903  0.635620   0.492329  0.530903   
2             AdaBoost           0.495586  0.740870   0.468451  0.495586   
3        Decision Tree           0.433242  0.702782   0.429197  0.433242   
4                  KNN           0.462141  0.568912   0.436176  0.462141   
5             Bayesian           0.490094  0.597625   0.465661  0.490094   
6              XGBoost           0.476640  0.806556   0.557720  0.476640   

   F1 Score  
0  0.467522  
1  0.465319  
2  0.474805  
3  0.430839  
4  0.407837  
5  0.435631  
6  0.481548