Model  Balanced Accuracy  Accuracy  Precision    Recall  \
0        Random Forest           0.524612  0.609722   0.482524  0.524612   
1  Logistic Regression           0.531466  0.639278   0.489360  0.531466   
2             AdaBoost           0.530081  0.650395   0.485439  0.530081   
3        Decision Tree           0.431573  0.484635   0.420414  0.431573   
4                  KNN           0.466758  0.548068   0.443055  0.466758   
5             Bayesian           0.492782  0.680851   0.460293  0.492782   
6              XGBoost           0.519325  0.601888   0.479743  0.519325   

   F1 Score  
0  0.451742  
1  0.466248  
2  0.468407  
3  0.364022  
4  0.402324  
5  0.461692  
6  0.444993